20:  20 19 18 17 16 15 14 13 12 11 10 9 8 7 6 5 4 3 2 1      2863411653
19:  20 19 18 17 16 15 14 13 12 11 10 9 8 7 6 5 4 3 2 1      6539721272
18:  20 19 18 17 16 15 14 13 12 11 10 9 8 7 6 5 4 3 2 1      10119020889
17:  20 19 18 17 16 15 14 13 12 11 10 9 8 7 6 5 4 3 2 1      13688088518
16:  20 19 18 17 16 15 14 13 12 11 10 9 8 7 6 5 4 3 2 1      17494317642
15:  20 19 18 17 16 15 14 13 12 11 10 9 8 7 6 5 4 3 2 1      21693985258
14:  20 19 18 17 16 15 14 13 12 11 10 9 8 7 6 5 4 3 2 1      27787233877
13:  20 19 18 17 16 15 14 13 12 11 10 9 8 7 6 5 4 3 2 1      34971815827
12:  20 19 18 17 16 15 14 13 12 11 10 9 8 7 6 5 4 3 2 1      43011206746
11:  20 19 18 17 16 15 14 13 12 11 10 9 8 7 6 5 4 3 2 1      51113314967
10:  20 19 18 17 16 15 14 13 12 11 10 9 8 7 6 5 4 3 2 1      53841930835
9:  20 19 18 17 16 15 14 13 12 11 10 9 8 7 6 5 4 3 2 1      57040970241
8:  20 19 18 17 16 15 14 13 12 11 10 9 8 7 6 5 4 3 2 1      60682403164
7:  20 19 18 17 16 15 14 13 12 11 10 9 8 7 6 5 4 3 2 1      64148607866
6:  20 19 18 17 16 15 14 13 12 11 10 9 8 7 6 5 4 3 2 1      67009016546
5:  20 19 18 17 16 15 14 13 12 11 10 9 8 7 6 5 4 3 2 1      70720139661
4:  20 19 18 17 16 15 14 13 12 11 10 9 8 7 6 5 4 3 2 1      73913662238
3:  20 19 18 17 16 15 14 13 12 11 10 9 8 7 6 5 4 3 2 1      77840346578
2:  20 19 18 17 16 15 14 13 12 11 10 9 8 7 6 5 4 3 2 1      81777700674
1:  20 19 18 17 16 15 14 13 12 11 10 9 8 7 6 5 4 3 2 1      84998978956
nodes:  84998978956
